
==================== Board: [3x3]9x9.txt ====================
Moves: 0
+-------+-------+-------+
| 4     | 6   8 |   7   |
|   2 7 |     5 |   4 8 |
| 6 1 8 |       | 9   5 |
+-------+-------+-------+
| 9   6 | 5     | 2 3 7 |
|       |   7   |       |
| 7 5 4 |     3 | 8   9 |
+-------+-------+-------+
| 8   2 |       | 7 9 4 |
| 5 4   | 7     | 1 6   |
|   7   | 9   6 |     2 |
+-------+-------+-------+
  Basesize: 3
     Moves: 0
    Placed: 0
Backtracks: 0
  Filename: 9x9.txt

Solution found in 533 moves.
Moves: 533
+-------+-------+-------+
| 4 9 5 | 6 2 8 | 3 7 1 |
| 3 2 7 | 1 9 5 | 6 4 8 |
| 6 1 8 | 4 3 7 | 9 2 5 |
+-------+-------+-------+
| 9 8 6 | 5 1 4 | 2 3 7 |
| 2 3 1 | 8 7 9 | 4 5 6 |
| 7 5 4 | 2 6 3 | 8 1 9 |
+-------+-------+-------+
| 8 6 2 | 3 5 1 | 7 9 4 |
| 5 4 9 | 7 8 2 | 1 6 3 |
| 1 7 3 | 9 4 6 | 5 8 2 |
+-------+-------+-------+
  Basesize: 3
     Moves: 533
    Placed: 40
Backtracks: 40
  Filename: 9x9.txt

