
==================== Board: [3x3]board3-1.txt ====================
Moves: 0
+-------+-------+-------+
| 4   9 |   7   |       |
|       |     2 |       |
|     8 |   9 6 |       |
+-------+-------+-------+
|   5 6 |   2   |     4 |
|     1 |       | 7     |
| 9     |   3   | 8 6   |
+-------+-------+-------+
|       | 7 4   | 3     |
|       | 9     |       |
|       |   1   | 6   5 |
+-------+-------+-------+
  Basesize: 3
     Moves: 0
    Placed: 0
Backtracks: 0
  Filename: board3-1.txt

Solution found in 1033285 moves.
Moves: 1033285
+-------+-------+-------+
| 4 3 9 | 8 7 1 | 5 2 6 |
| 6 1 7 | 3 5 2 | 4 9 8 |
| 5 2 8 | 4 9 6 | 1 7 3 |
+-------+-------+-------+
| 8 5 6 | 1 2 7 | 9 3 4 |
| 3 4 1 | 6 8 9 | 7 5 2 |
| 9 7 2 | 5 3 4 | 8 6 1 |
+-------+-------+-------+
| 2 6 5 | 7 4 8 | 3 1 9 |
| 1 8 3 | 9 6 5 | 2 4 7 |
| 7 9 4 | 2 1 3 | 6 8 5 |
+-------+-------+-------+
  Basesize: 3
     Moves: 1033285
    Placed: 57
Backtracks: 114779
  Filename: board3-1.txt

