16
     -10      -1       3       4       9      -7       9      -3       3      -5       4       6      -8       9       9      10
      -9      -2       4       7       1      -2       5      -3      -2      -7       0      -7       4       1       2       0
      -2      -4      -2      10      -2      -2       5      -2     -10       5       4       9     -10       5       0       5
       4       6       2       9     -10      -6       7       5      -7       9      -6       3       8       9      -6       4
      -8      -1      -5      -9      -5      -5       2     -10       8       0       2       3      -1       5       0       4
       5       5       4      -7      -6      -8       3       7      10      10      10       5      -9       0      -5      -6
      -7       1       0     -10      -2      -9      -3       3       7       3       3       2      -2      -6       1       2
      10       4       3       7       2       4      10       1      10       6      -2     -10      -7      -4      -5      -2
       2      -5     -10      -6      -8     -10      -9      -3       1       0       2       7       1      -6      -9       4
      -5       2      -1       6       2      -1      -9     -10      -3      -5      10       7       2      10      10       8
      -1      -2       3       3       9      10       4      -3      10       0       3      -7       4      -1       9      -4
      -6      -6      -6       7      -1       5      -4       6       8       5      -1      -8      -3      -2       0      -1
       8       6       0       2       8      -7       6     -10      -1      -5       8       5      -8      -1       8      -4
       5      -8      -3       0      -9      -7       7       2       2       5     -10       2       7      -8       3       5
      -3      -2       9      10       6       9       9       6      -3      -6     -10      -7       9      -1       0       1
       9       9       7      -2       6      -3      -3       0      -7      -6     -10       0       3      -9       1       3

