
====== INSERT ROWS BACK =========================
 -50   0 -40   0 -30   0 -20   0 -10   0
   0  19  18  17  16  15  14  13  12  11  10   9   8   7   6   5   4   3   2   1
after insert:
   0   0   0   0   0   0   0   0   0   0
   0   1  -8   3  -6   5  -4   7  -2   9
   0   0   0   0   0   0   0   0   0   0
   0   0   0   0   0   0   0   0   0   0
   0   0   0   0   0   0   0   0   0   0
   0   0   0   0   0   0   0   0   0   0
   0   0   0   0   0   0   0   0   0   0
   0   0   0   0   0   0   0   0   0   0
   0   0   0   0   0   0   0   0   0   0
   0   0   0   0   0   0   0   0   0   0

after insert:
   0   0   0   0   0   0   0   0   0   0
   0   1  -8   3  -6   5  -4   7  -2   9
   0   0   0   0   0   0   0   0   0   0
   0   0   0   0   0   0   0   0   0   0
   0   0   0   0   0   0   0   0   0   0
   0  19  18  17  16  15  14  13  12  11  10   9   8   7   6   5   4   3   2   1
   0   0   0   0   0   0   0   0   0   0
   0   0   0   0   0   0   0   0   0   0
   0   0   0   0   0   0   0   0   0   0
   0   0   0   0   0   0   0   0   0   0

after insert:
   0   0   0   0   0   0   0   0   0   0
   0   1  -8   3  -6   5  -4   7  -2   9
   0   0   0   0   0   0   0   0   0   0
   0   0   0   0   0   0   0   0   0   0
   0   0   0   0   0   0   0   0   0   0
   0  19  18  17  16  15  14  13  12  11  10   9   8   7   6   5   4   3   2   1
   0   0   0   0   0   0   0   0   0   0
 -50   0 -40   0 -30   0 -20   0 -10   0
   0   0   0   0   0   0   0   0   0   0
   0   0   0   0   0   0   0   0   0   0

