
==== VECTOR ADDITION =================
vector pE1 formatted:
   0   1   4   9  16  25  36  49  64  81 100 121 144 169 196 225 256 289 324 361
vector pE2 formatted:
   0   0   9   0   8   0   7   0   6   0   5   0   4   0   3   0   2   0   1   0
vector pE3 formatted:
   0   0   0   0   1  -4   0   0   0   0   0   0   3  -2   0   0   0   0   0   0
pE1 + pE2 = 
   0   1  13   9  24  25  43  49  70  81 105 121 148 169 199 225 258 289 325 361
pE2 + pE3 = 
   0   0   9   0   9  -4   7   0   6   0   5   0   7  -2   3   0   2   0   1   0
pE3 + pE1 = 
   0   1   4   9  17  21  36  49  64  81 100 121 147 167 196 225 256 289 324 361
pE1 + pE3 = 
   0   1   4   9  17  21  36  49  64  81 100 121 147 167 196 225 256 289 324 361
