
====================== AVLStressSmall ======================
1, 15, 22, 20, 12, 3, 0, 19, 18, 17, 8, 10, 9, 24, 6, 11, 4, 21, 7, 14, 13, 23, 5, 2, 16, 
Insert item #0:1 =========================================
1         

Insert item #1:15 =========================================
1         

     15        

Insert item #2:22 =========================================
     15        

1         22        

Insert item #3:20 =========================================
      15        

 1              22        

           20        

Insert item #4:12 =========================================
           15        

 1                   22        

      12        20        

Insert item #5:3 =========================================
                15        

      3                   22        

 1         12        20        

Insert item #6:0 =========================================
                     15        

           3                   22        

      1         12        20        

 0         

Insert item #7:19 =========================================
                     15        

           3                   20        

      1         12        19        22        

 0         

Insert item #8:18 =========================================
                     15        

           3                        20        

      1         12             19        22        

 0                        18        

Insert item #9:17 =========================================
                     15        

           3                             20        

      1         12             18             22        

 0                        17        19        

Insert item #10:8 =========================================
                          15        

           3                                  20        

      1              12             18             22        

 0              8              17        19        

Insert item #11:10 =========================================
                               15        

           3                                       20        

      1              10                  18             22        

 0              8         12        17        19        

Insert item #12:9 =========================================
                                     15        

            3                                            20        

       1                   10                  18             22        

  0              8              12        17        19        

                      9         

Insert item #13:24 =========================================
                                     15        

            3                                            20        

       1                   10                  18             22        

  0              8              12        17        19             24        

                      9         

Insert item #14:6 =========================================
                                          15        

            3                                                 20        

       1                        10                  18             22        

  0                   8              12        17        19             24        

                 6         9         

Insert item #15:11 =========================================
                                               15        

            3                                                      20        

       1                        10                       18             22        

  0                   8                   12        17        19             24        

                 6         9         11        

Insert item #16:4 =========================================
                                                    15        

                           8                                            20        

            3                        10                       18             22        

       1              6         9              12        17        19             24        

  0              4                        11        

Insert item #17:21 =========================================
                                                    15        

                           8                                            20        

            3                        10                       18                  22        

       1              6         9              12        17        19        21        24        

  0              4                        11        

Insert item #18:7 =========================================
                                                         15        

                                8                                            20        

            3                             10                       18                  22        

       1              6              9              12        17        19        21        24        

  0              4         7                   11        

Insert item #19:14 =========================================
                                                              15        

                                8                                                 20        

            3                             10                            18                  22        

       1              6              9              12             17        19        21        24        

  0              4         7                   11        14        

Insert item #20:13 =========================================
                                                                   15        

                                8                                                      20        

            3                                       12                       18                  22        

       1              6                   10                  14        17        19        21        24        

  0              4         7         9         11        13        

Insert item #21:23 =========================================
                                                                   15        

                                8                                                      20        

            3                                       12                       18                  22        

       1              6                   10                  14        17        19        21             24        

  0              4         7         9         11        13                                           23        

Insert item #22:5 =========================================
                                                                        15        

                                     8                                                      20        

            3                                            12                       18                  22        

       1                   6                   10                  14        17        19        21             24        

  0              4              7         9         11        13                                           23        

                      5         

Insert item #23:2 =========================================
                                                                             15        

                                          8                                                      20        

                 3                                            12                       18                  22        

       1                        6                   10                  14        17        19        21             24        

  0         2         4              7         9         11        13                                           23        

                           5         

Insert item #24:16 =========================================
                                                                             15        

                                          8                                                           20        

                 3                                            12                            18                  22        

       1                        6                   10                  14             17        19        21             24        

  0         2         4              7         9         11        13             16                                 23        

                           5         

type: AVLTree, height: 5, nodes: 25
Remove item #0:4 =========================================
                                                                        15        

                                     8                                                           20        

                 3                                       12                            18                  22        

       1                   6                   10                  14             17        19        21             24        

  0         2         5         7         9         11        13             16                                 23        

Remove item #1:22 =========================================
                                                                        15        

                                     8                                                           20        

                 3                                       12                            18             21        

       1                   6                   10                  14             17        19                  24        

  0         2         5         7         9         11        13             16                            23        

Remove item #2:9 =========================================
                                                                   15        

                                     8                                                      20        

                 3                                  12                            18             21        

       1                   6              10                  14             17        19                  24        

  0         2         5         7              11        13             16                            23        

Remove item #3:12 =========================================
                                                              15        

                                     8                                                 20        

                 3                             11                            18             21        

       1                   6              10             14             17        19                  24        

  0         2         5         7                   13             16                            23        

Remove item #4:15 =========================================
                                                         14        

                                     8                                            20        

                 3                             11                       18             21        

       1                   6              10        13             17        19                  24        

  0         2         5         7                             16                            23        

Remove item #5:14 =========================================
                                                    13        

                                     8                                       20        

                 3                             11                  18             21        

       1                   6              10                  17        19                  24        

  0         2         5         7                        16                            23        

Remove item #6:1 =========================================
                                               13        

                                8                                       20        

            3                             11                  18             21        

  0                   6              10                  17        19                  24        

       2         5         7                        16                            23        

Remove item #7:6 =========================================
                                          13        

                           8                                       20        

            3                        11                  18             21        

  0              5              10                  17        19                  24        

       2              7                        16                            23        

Remove item #8:7 =========================================
                                     13        

                      8                                       20        

            3                   11                  18             21        

  0              5         10                  17        19                  24        

       2                                  16                            23        

Remove item #9:3 =========================================
                                13        

                 8                                       20        

       2                   11                  18             21        

  0         5         10                  17        19                  24        

                                     16                            23        

Remove item #10:17 =========================================
                                13        

                 8                                  20        

       2                   11             18             21        

  0         5         10             16        19                  24        

                                                              23        

Remove item #11:0 =========================================
                           13        

            8                                  20        

  2                   11             18             21        

       5         10             16        19                  24        

                                                         23        

Remove item #12:10 =========================================
                      13        

            8                             20        

  2              11             18             21        

       5                   16        19                  24        

                                                    23        

Remove item #13:20 =========================================
                      13        

            8                        19        

  2              11             18        21        

       5                   16                       24        

                                               23        

Remove item #14:16 =========================================
                     13        

           8                        21        

 2              11             19             24        

      5                   18             23        

type: AVLTree, height: 3, nodes: 10
                     13        

           8                        21        

 2              11             19             24        

      5                   18             23        

