Reverse test =============================
The original arrays:
    8
    1    2    3
    1    2    3    4
   23   32   39    1   30   89   32   73    8   74   72   65   16   48   81   24   88    2   88   82   65   60   78   52   77   91   65    9    8   88   78   83   49   10   25   64   92   78   23   18   34    2   47   45   88   46   28   21   89    4   92   57   98   43   47   80   62   27    9   51   81   39   54   63   45   42   79   34   45   40   58   48    6   20   87   37    5   92   32   60   34   53   81   56   58   47   71   90   94   66    4    7    4    1   89   16   27   46   97    2
The reversed arrays:
    8
    3    2    1
    4    3    2    1
    2   97   46   27   16   89    1    4    7    4   66   94   90   71   47   58   56   81   53   34   60   32   92    5   37   87   20    6   48   58   40   45   34   79   42   45   63   54   39   81   51    9   27   62   80   47   43   98   57   92    4   89   21   28   46   88   45   47    2   34   18   23   78   92   64   25   10   49   83   78   88    8    9   65   91   77   52   78   60   65   82   88    2   88   24   81   48   16   65   72   74    8   73   32   89   30    1   39   32   23

Add test =============================
The original arrays:
  -40   48  -46  -29  -16   69  -65    2  -82  -16   91  100  -10  -80   70  -88   29  -50  -86   96    0   43  -55  -43   74  -59  -12   21   58  -75   28   31    5   42   78   24   48   48   -2  -94  -99  -60    8   83   39   31  -89 -100   55  -85   16   67  -21  -81  -45    1  -25  -40  -15  -47  -21  -15   39  -53  -32  -86   12  -18   -7   41  -58    9  -56   36   99   22   19   85   62   38  -44   29   57  -22  -99    8   51   86  -67   64   54   75   66  -54    7  -86   78   64  -20  -89

   76   31   82   77   65   56  -14   18    8   92   68   42  -62  -79  -20   37   22   72   75   44  -26  -69   12   83  -84  -26  -29  -61  -48  -18  -76   48   50  -66  -89   26   88  -20    1   27   84   47  -33   66  -44  -79   45   22   -9   80  -74  -13   21   -4   33  -86  -84   10  -58   81  -99  -37  -59   99   63   27  -65  -39  -33  -14  -29  -52  -84  -84   22   73  -90  -83  -15    2   -4  -57   88  -81  -14   82  -89  -53   48   54   64  -50  -54   78   11  -64  -20  -43  -22  -44
The sum of the two arrays:
   36   79   36   48   49  125  -79   20  -74   76  159  142  -72 -159   50  -51   51   22  -11  140  -26  -26  -43   40  -10  -85  -41  -40   10  -93  -48   79   55  -24  -11   50  136   28   -1  -67  -15  -13  -25  149   -5  -48  -44  -78   46   -5  -58   54    0  -85  -12  -85 -109  -30  -73   34 -120  -52  -20   46   31  -59  -53  -57  -40   27  -87  -43 -140  -48  121   95  -71    2   47   40  -48  -28  145 -103 -113   90  -38   33  -19  118  118   25   12   24   18 -150   58   21  -42 -133

Scalar multiply test =============================
The original array:
   92  -86   81   57   50  -70   60   26  -83   -3   18   25   91  -97   26   44  -32  -69  -69   44   14   77   15   49  -17  -79  -10   35  -30   21  -47   70  -21    5   14  -15   34    3  -51   12    1  -23  -71  -37   16   23   45   43  -99  -19   17   29  -20   33  -60   37  -44  -46  -26    6   65   93   15  -34   82  -57  -68  -57   10  -59  -78   51  -42   -4  -52   51   54   69  -36  -48   86  -69  -61   67   51  -64   18  -16  -78  -61  -66   23   72  -38   41  -12  -28   32  -90  -77
The array multiplied by 2:
  184 -172  162  114  100 -140  120   52 -166   -6   36   50  182 -194   52   88  -64 -138 -138   88   28  154   30   98  -34 -158  -20   70  -60   42  -94  140  -42   10   28  -30   68    6 -102   24    2  -46 -142  -74   32   46   90   86 -198  -38   34   58  -40   66 -120   74  -88  -92  -52   12  130  186   30  -68  164 -114 -136 -114   20 -118 -156  102  -84   -8 -104  102  108  138  -72  -96  172 -138 -122  134  102 -128   36  -32 -156 -122 -132   46  144  -76   82  -24  -56   64 -180 -154
And now multiplied by 5:
  920 -860  810  570  500 -700  600  260 -830  -30  180  250  910 -970  260  440 -320 -690 -690  440  140  770  150  490 -170 -790 -100  350 -300  210 -470  700 -210   50  140 -150  340   30 -510  120   10 -230 -710 -370  160  230  450  430 -990 -190  170  290 -200  330 -600  370 -440 -460 -260   60  650  930  150 -340  820 -570 -680 -570  100 -590 -780  510 -420  -40 -520  510  540  690 -360 -480  860 -690 -610  670  510 -640  180 -160 -780 -610 -660  230  720 -380  410 -120 -280  320 -900 -770

Dot product test =============================
The original arrays:
    4   -3   -4   10   -4    6   -8   -4   -2   -4    8    3   -7    1   -2    8    6   -1    5    2    9    2   -2    7    1    4    8   -8   -5    0    6    0    6    5    0    8   -7   -6    4  -10    5   -9   -8    1   -7   -2   -9   -2   -9  -10    5    3    8   -6   -2   -5   -2    0   -5    9   -1   -5    7   -4    5   -3   -8    2   -1    1   -3   -7    2   -7    0    2   -5   -4    1   -3    8   -2   10   -3    2   -7   -8   -1    5   10   -9   -6   10    9   -2    1   -1    3   10    9

   10  -10    5   -3   -2   -8   -3    7    6    8  -10   -4    8    4    0   -5    6   10    5    7    4   10    1   10    3    7    8    4   -8    0   -8   -2    3   -5   10    4    5    4    1   10    0    6   -3   -8    1   -9   -7    4    6    1    1   -6   -2    4    6   -5   -6    3   -6    5   10   -4    3   -7    8   -6    3    4   -2  -10   10    3   -4   -2   -3    0   -3    3   -9   -7    8   -1   -9    3    7    8   -6    5    1   -1   -5   -7   -8  -10  -10   -7    6   -8   -5   -1
The dot product of a and b is -260
The dot product of a and a is 3258
The dot product of b and b is 3720

Cross product test =============================
The original arrays:
   -7   -5    4

   -1   -4  -10
The cross product of a x b is:   66  -74   23

The original arrays:
   -5   -8    8

   -1    3    5
The cross product of a x b is:  -64   17  -23

The original arrays:
   -4   -9    3

   -2   -9    3
The cross product of a x b is:    0    6   18

The original arrays:
    7   -2   -3

    5    2   -1
The cross product of a x b is:    8   -8   24

The original arrays:
   -3   -2   -6

    8    3    4
The cross product of a x b is:   10  -36    7

The original arrays:
    9    8   -3

   -6    8   -8
The cross product of a x b is:  -40   90  120

The original arrays:
  -10    6    5

    7   -4    8
The cross product of a x b is:   68  115   -2

The original arrays:
   -5    4   -3

    0  -10    3
The cross product of a x b is:  -18   15   50

The original arrays:
    6    6   -8

   -6    9   -2
The cross product of a x b is:   60   60   90

The original arrays:
    1  -10    9

   -3    7    1
The cross product of a x b is:  -73  -28  -23

