-1421 -1333
-1411 -71
280 662
1243 227
58 -1785
-432 1011
-789 -1616
352 -1003
266 -480
-875 -633
417 -833
-466 -990
-1341 218
-440 -268
-2005 403
-1246 -289
683 -1170
1376 -1376
-14 320
-438 -1307
369 -698
-1301 -19
619 -1054
173 159
-369 -1179
-392 537
505 630
-670 1943
2028 466
1409 -448
-3147 -641
-220 -259
2145 960
-517 47
258 -48
645 -1108
-196 -1261
-801 406
2451 42
-116 -509
-596 558
-719 -80
-404 -990
155 356
-1867 -1152
470 259
1054 -1500
1278 1
815 -720
1643 663
844 -431
2776 800
203 -266
-350 -292
664 1164
-2284 1275
-448 262
158 -608
-1134 -270
1458 363
-209 811
482 -650
416 -2532
-2016 -236
-1870 -1672
203 -439
314 212
1637 288
-586 -419
-1477 -2800
-42 -49
23 -814
398 330
626 173
31 824
-1238 1436
-93 66
1450 1101
-951 -1088
-7 793
947 -28
-317 -1181
166 972
692 1305
1747 376
-641 -753
-641 -1256
-530 -827
-651 122
875 1397
603 1923
1009 -968
384 -571
-861 78
-2539 -775
-338 933
1420 -671
603 1054
-1269 -1221
-1126 1053
694 -48
-244 -568
-798 -445
920 -763
873 -619
54 834
-286 -66
-1376 323
-247 -1573
-1214 -511
620 923
-304 1348
-366 1244
-478 757
-598 -161
177 -851
-85 569
688 706
2737 306
-824 -618
277 6
-802 1499
708 2065
-75 1295
-383 -73
1463 1687
-506 127
-181 919
-50 1414
-1055 -45
-222 545
-869 -794
-455 476
-618 -920
-447 -1327
923 -1387
1735 -333
-150 -476
734 1746
1012 -1060
-7 -88
-482 2094
-1194 -503
-304 -1520
-600 -442
-620 810
-212 1100
422 1822
544 896
-628 -605
-1666 847
40 -712
76 -881
392 480
-442 -25
-613 1389
1291 367
679 204
-213 1106
-826 -16
-2004 -286
-484 1268
1405 -1962
-1252 2204
-202 1113
529 -693
1129 352
476 -668
-65 385
2659 -1752
365 -126
653 1457
502 336
2058 -565
-1069 -42
229 1634
-441 653
205 -262
1489 -1440
422 -165
-1180 -1695
-1143 -931
-363 -749
-1771 332
788 -928
1788 -763
-1673 1306
-71 -1310
-172 287
-625 -415
432 -931
-3112 -74
-1370 594
688 876
430 699
-6 -2084
-70 -1468
-337 -696
-864 -464
396 -11
1509 -446
-156 -297
-157 -1432
-106 249
-340 836
-571 1314
2190 -663
-243 -227
-1306 120
-310 1561
-1018 -5
-488 860
252 -369
789 -1015
-1789 117
1707 361
1152 837
-279 911
248 783
1842 -1099
-1485 1497
-92 934
-1178 -351
-902 -1375
-703 786
414 -626
1512 -234
841 -940
-905 255
-237 1207
-748 -730
-510 -895
-1546 1563
-1256 927
-69 -563
-116 -63
-2891 -771
-1016 398
-1575 -570
-458 864
-1024 431
-252 998
820 -258
112 180
-593 -822
-2332 2015
-1028 1273
-350 785
487 -776
-840 -1265
494 593
225 -1596
-2190 -169
2227 -709
470 1171
454 -286
-569 270
-1654 731
245 232
-1181 -220
-797 821
965 -1330
-51 498
1861 -298
60 196
635 320
-51 282
1164 356
-1163 -1162
167 -962
-155 -239
1089 1487
208 202
1413 -3
-38 -996
-84 -16
265 -271
-158 1001
-2680 962
859 1230
1525 -136
1464 188
-911 951
-1630 358
1902 985
1988 -1802
1188 -723
1835 800
-393 18
744 1818
418 1701
-200 -2347
650 -320
902 -369
40 451
797 -867
-701 -498
-1206 1197
1206 706
425 -482
307 1312
-742 482
347 -563
478 -677
1666 -696
-2357 -753
230 346
-806 359
-1460 1179
1796 -2104
21 -1076
-874 180
-116 493
-599 786
-1596 203
2082 379
248 -181
-182 942
357 210
451 -1275
1432 694
-1094 970
-412 -1103
504 -387
-1437 945
4 973
1319 658
500 -955
-582 -398
-26 -657
-466 166
16 1132
2283 -1559
200 -1059
-186 499
63 -873
-837 1975
-3020 -1095
-364 1358
-1494 298
45 -1274
-625 259
453 602
-1777 -1314
1516 1004
-1327 478
2 664
-105 1083
2588 1198
211 99
267 -1560
-1870 2128
-764 -985
-1635 -1730
-237 -164
843 388
1764 -1005
-1191 -257
-255 -276
1557 43
1392 -88
-2074 -745
413 -690
949 -1153
-199 238
-874 1459
-2063 1040
721 -988
-1833 -388
-1959 141
-1124 -1801
-760 1134
-2135 259
921 -827
-804 2266
-68 -851
1604 196
-107 -437
-716 29
619 277
-877 -26
258 -889
172 -822
876 -1136
-176 386
861 -174
756 647
627 215
816 340
1955 1363
1981 -1957
-615 -1201
255 359
379 88
1887 957
1910 -327
11 613
-967 1719
-536 1618
662 2720
1111 203
1924 -846
863 310
1132 -281
-71 139
1666 319
763 631
339 -1633
581 901
101 19
543 -616
-431 -108
1246 34
110 972
-508 603
1211 93
458 103
-741 -816
854 1080
137 229
1956 -149
-548 -425
-158 -10
-241 -472
460 404
1184 125
-741 -1474
-25 1674
1858 -1315
1203 328
-315 166
203 189
251 332
416 -2099
-1254 -1250
-1304 87
-1093 -841
-314 727
636 -630
-749 1009
-536 916
-454 570
-242 432
-150 569
1219 -1645
-291 -160
989 -48
1004 60
-1578 1802
156 777
-625 -97
-1225 28
-20 62
1312 50
-400 1141
-56 2472
925 -1288
844 1123
-153 1076
-742 603
156 752
866 51
58 -435
-683 999
2401 1994
-524 495
94 -850
-1651 -53
-1260 -66
-547 -698
1436 204
-74 7
734 -62
101 -1036
1 -1365
289 -1841
92 -484
-1872 929
414 1927
387 1217
-999 1072
-717 -113
-657 695
-681 -1297
-778 1441
-123 786
-1776 235
-212 8
-588 502
-2084 103
1051 875
476 -441
-2180 1137
-1083 -1538
709 -55
-1156 825
981 298
-1631 -1215
-886 1373
-517 377
