16
      -1       4      -4       7      -1       1       6       1       6       7      10       5     -10      -7      -2      -9
       8      -2       3       8       9       1       9      -3       6      -6      -6       9       5      -9      -4      -6
      -9      -1      -9       8      -7      10       9      -5      -6      -4       7     -10      -1      -6       7      -4
      -9      -1       6       1       2      -6      10      -1      10       0      -4       4      -1       8       8      -6
      -2       3      -5      -3      -3      -3       2       4       4       9       1      -3      -8      -1       5      -1
       4       0       8      -8       5      -5       4     -10       4       6      -7      -7       1       5      -3      -2
      -6       5       2       4       7       5      10      -2      -5      -4      -7       4      -8      -1     -10      -4
       6       2      -4      -3       2       7       8      -6     -10      10       9       4     -10      -8      -3      -9
       0      -6      -2       3       1     -10      -2     -10       8       0       2       5      -7      -7       1      -6
      -6      10      -3       3       1      -3      -7      -1      -8      -5       6       7     -10      10      -7      10
       5       8       5       4      -1       5      -4       8      -9      -5      -3      -5       5       2       0       9
      -2      -4       5       1       0       3       6       9       3      -1       7      -8      -5       1      -3       1
      -5       2      -1       1      -6      -1       6       8      -6      -2       8      -8     -10       9      -8      -3
       2       1       4     -10     -10      -6       4      -4      -2      -4     -10       7      -9       6       6       8
      -9      -4      -4       8      -3      -8      -3       9      -7       9     -10       4      -4      -1      -2      -7
      10       2       2      -7      -2       5      -6      -2       7      -1       0       8      -1      -6       1       0

